0 0.7905212619300107 0.0036789565217391325 0.9448160657476141 0.0036789565217391325 0.9448160657476141 0.1602006956521739 0.7905212619300107 0.1602006956521739
1 0.7120483352677176 0.14541793226560099 0.3500157356233525 0.18013599939961888 0.3449720252837141 0.03867719816918161 0.7070046249280793 0.003959131035163711
2 0.1176686638388123 0.05672243478260869 0.27355413573700954 0.05672243478260869 0.27355413573700954 0.3341137391304348 0.1176686638388123 0.3341137391304348
3 0.34990620360551433 0.24541808695652173 0.4920058854718982 0.24541808695652173 0.4920058854718982 0.3228093913043478 0.34990620360551433 0.3228093913043478
4 0.35626887592788975 0.33933113043478264 0.5042010074231178 0.33933113043478264 0.5042010074231178 0.41324417391304347 0.35626887592788975 0.41324417391304347
5 0.41035159066808063 0.34107026086956527 0.6754629374337222 0.34107026086956527 0.6754629374337222 0.8341137391304349 0.41035159066808063 0.8341137391304349
6 0.3541479851537646 0.4280267826086957 0.4145933722163309 0.4280267826086957 0.4145933722163309 0.5036789565217392 0.3541479851537646 0.5036789565217392
7 0.36051065747614003 0.5167224347826087 0.5429072640509014 0.5167224347826087 0.5429072640509014 0.5949833043478262 0.36051065747614003 0.5949833043478262
8 0.364222216330859 0.6036789565217392 0.49571744432661724 0.6036789565217392 0.49571744432661724 0.680200695652174 0.364222216330859 0.680200695652174
9 0.364222216330859 0.688896347826087 0.4988987804878049 0.688896347826087 0.4988987804878049 0.7706354782608696 0.364222216330859 0.7706354782608696
10 0.3631617709437964 0.7793311304347826 0.48087120890774127 0.7793311304347826 0.48087120890774127 0.857592 0.3631617709437964 0.857592
11 0.3674035524920467 0.8645485217391305 0.543967709437964 0.8645485217391305 0.543967709437964 0.9410702608695652 0.3674035524920467 0.9410702608695652
12 0.6335753446447508 0.4984615652173914 0.8233950689289502 0.4984615652173914 0.8233950689289502 0.580200695652174 0.6335753446447508 0.580200695652174
13 0.6346357900318134 0.5854180869565218 0.955950742311771 0.5854180869565218 0.955950742311771 0.6671572173913044 0.6346357900318134 0.6671572173913044
14 0.635696235418876 0.6775920000000001 0.8101395015906682 0.6775920000000001 0.8101395015906682 0.757592 0.635696235418876 0.757592
15 0.6388775715800636 0.7706354782608696 0.8488457582184519 0.7706354782608696 0.8488457582184519 0.9028093913043479 0.6388775715800636 0.9028093913043479
16 0.8907333510074232 0.7941137391304348 0.9681458642629905 0.7941137391304348 0.9681458642629905 0.9332441739130436 0.8907333510074232 0.9332441739130436
17 0.07153928950159066 0.4315050434782609 0.3583897667020149 0.4315050434782609 0.3583897667020149 0.9262876521739131 0.07153928950159066 0.9262876521739131
