2 0.15317525387493316 0.04612670979667282 0.2996210048102618 0.04612670979667282 0.2996210048102618 0.2928919593345656 0.15317525387493316 0.2928919593345656
1 0.37284388027792625 0.037808780036968574 0.7186482629609835 0.037808780036968574 0.7186482629609835 0.16350194085027725 0.37284388027792625 0.16350194085027725
0 0.7838540352752538 0.04427828096118299 0.9083863709246391 0.04427828096118299 0.9083863709246391 0.18383465804066543 0.7838540352752538 0.18383465804066543
3 0.35787862105825763 0.19215258780036967 0.49149700694815607 0.19215258780036967 0.49149700694815607 0.27440767097966723 0.35787862105825763 0.27440767097966723
4 0.3621544094067344 0.28642245841035124 0.47172148583645107 0.28642245841035124 0.47172148583645107 0.36682911275415897 0.3621544094067344 0.36682911275415897
17 0.06178027792624263 0.3640564695009242 0.3418444147514697 0.3640564695009242 0.3418444147514697 0.8696017560073936 0.06178027792624263 0.8696017560073936
6 0.360016515232496 0.38069232902033273 0.4134638695884554 0.38069232902033273 0.4134638695884554 0.4481599815157117 0.360016515232496 0.4481599815157117
7 0.360016515232496 0.4647958410351201 0.5390651523249599 0.4647958410351201 0.5390651523249599 0.5387329944547135 0.360016515232496 0.5387329944547135
8 0.360016515232496 0.5516719963031423 0.6154948690539819 0.5516719963031423 0.6154948690539819 0.6274575785582255 0.360016515232496 0.6274575785582255
9 0.35787862105825763 0.6394723659889094 0.4893591127739177 0.6394723659889094 0.4893591127739177 0.7134095194085027 0.35787862105825763 0.7134095194085027
10 0.3562752004275788 0.7254243068391867 0.47385938001068945 0.7254243068391867 0.47385938001068945 0.7956646025878004 0.3562752004275788 0.7956646025878004
11 0.35520625334045963 0.8178457486136783 0.5347893639764831 0.8178457486136783 0.5347893639764831 0.9019492606284658 0.35520625334045963 0.9019492606284658
12 0.620305130946018 0.4684926987060998 0.8373013896312131 0.4684926987060998 0.8373013896312131 0.5452024953789278 0.620305130946018 0.5452024953789278
13 0.620305130946018 0.5590657116451017 0.9244205772314269 0.5590657116451017 0.9244205772314269 0.6311544362292051 0.620305130946018 0.6311544362292051
14 0.6224430251202564 0.6394723659889094 0.7817161411010154 0.6394723659889094 0.7817161411010154 0.7152579482439926 0.6224430251202564 0.7152579482439926
15 0.6251153928380544 0.7254243068391867 0.8207327097808658 0.7254243068391867 0.8207327097808658 0.8797681146025877 0.6251153928380544 0.8797681146025877
16 0.8549390165686798 0.7725592421441774 0.9217482095136289 0.7725592421441774 0.9217482095136289 0.8982524029574861 0.8549390165686798 0.8982524029574861
5 0.4396530732228754 0.3668291127541589 0.6945969535008016 0.3668291127541589 0.6945969535008016 0.888086044362292 0.4396530732228754 0.888086044362292
