0 0.8402554627249357 0.032116204690831554 0.9790729434447301 0.032116204690831554 0.9790729434447301 0.18563432835820895 0.8402554627249357 0.18563432835820895
1 0.3743171593830334 0.023587420042643924 0.7528518637532133 0.023587420042643924 0.7528518637532133 0.1664445628997868 0.3743171593830334 0.1664445628997868
3 0.3601783419023136 0.18989872068230276 0.4520806555269923 0.18989872068230276 0.4520806555269923 0.2730543710021322 0.3601783419023136 0.2730543710021322
4 0.3614636889460154 0.29224413646055436 0.4720035347043701 0.29224413646055436 0.4720035347043701 0.3679371002132196 0.3614636889460154 0.3679371002132196
2 0.11467705655526991 0.032116204690831554 0.28691356041131105 0.032116204690831554 0.28691356041131105 0.3135660980810234 0.11467705655526991 0.3135660980810234
6 0.3595356683804627 0.3839285714285714 0.4205896529562982 0.3839285714285714 0.4205896529562982 0.46708422174840086 0.3595356683804627 0.46708422174840086
7 0.35760764781491 0.48307569296375263 0.5574791131105398 0.48307569296375263 0.5574791131105398 0.5651652452025586 0.35760764781491 0.5651652452025586
8 0.3563223007712082 0.5736940298507462 0.5259881105398457 0.5736940298507462 0.5259881105398457 0.6632462686567164 0.3563223007712082 0.6632462686567164
9 0.3563223007712082 0.6696428571428571 0.5079932519280206 0.6696428571428571 0.5079932519280206 0.7570628997867803 0.3563223007712082 0.7570628997867803
10 0.3524662596401028 0.7677238805970149 0.48292898457583544 0.7677238805970149 0.48292898457583544 0.8551439232409381 0.3524662596401028 0.8551439232409381
11 0.351180912596401 0.8732675906183369 0.5484816838046273 0.8732675906183369 0.5484816838046273 0.9532249466950959 0.351180912596401 0.9532249466950959
12 0.652594794344473 0.4788113006396588 0.8421834832904884 0.4788113006396588 0.8421834832904884 0.5534381663113006 0.652594794344473 0.5534381663113006
13 0.652594794344473 0.5704957356076759 0.9790729434447301 0.5704957356076759 0.9790729434447301 0.6451226012793176 0.652594794344473 0.6451226012793176
14 0.6474534061696657 0.6664445628997868 0.8306153598971722 0.6664445628997868 0.8306153598971722 0.7464019189765458 0.6474534061696657 0.7464019189765458
15 0.6519521208226221 0.7602611940298507 0.8775305269922878 0.7602611940298507 0.8775305269922878 0.9436300639658849 0.6519521208226221 0.9436300639658849
16 0.8987387532133675 0.8114339019189766 0.9591500642673522 0.8114339019189766 0.9591500642673522 0.9329690831556503 0.8987387532133675 0.9329690831556503
17 0.022774742930591257 0.3871268656716418 0.34025546272493573 0.3871268656716418 0.34025546272493573 0.9414978678038379 0.022774742930591257 0.9414978678038379
5 0.40837885604113106 0.3551439232409382 0.6879418380462724 0.3551439232409382 0.6879418380462724 0.9009861407249466 0.40837885604113106 0.9009861407249466
