0 0.7615634328358208 0.04460856102003643 0.8716380597014924 0.04460856102003643 0.8716380597014924 0.18486357012750454 0.7615634328358208 0.18486357012750454
1 0.4182798507462686 0.053716029143897996 0.7074589552238806 0.053716029143897996 0.7074589552238806 0.20672149362477232 0.4182798507462686 0.20672149362477232
2 0.2410410447761194 0.09196739526411657 0.35577985074626867 0.09196739526411657 0.35577985074626867 0.33786903460837886 0.2410410447761194 0.33786903460837886
3 0.409884328358209 0.23404389799635703 0.4667873134328358 0.23404389799635703 0.4667873134328358 0.3105466302367942 0.409884328358209 0.3105466302367942
4 0.4126828358208955 0.3232970856102004 0.5833917910447761 0.3232970856102004 0.5833917910447761 0.3870493624772314 0.4126828358208955 0.3870493624772314
6 0.41175 0.4052642987249545 0.46305597014925376 0.4052642987249545 0.46305597014925376 0.478124043715847 0.41175 0.478124043715847
7 0.4164141791044776 0.478124043715847 0.5721977611940298 0.478124043715847 0.5721977611940298 0.5564482695810564 0.4164141791044776 0.5564482695810564
8 0.4164141791044776 0.5619127504553734 0.5647350746268657 0.5619127504553734 0.5647350746268657 0.6420584699453552 0.4164141791044776 0.6420584699453552
9 0.41641417910447764 0.6529874316939891 0.5292873134328357 0.6529874316939891 0.5292873134328357 0.7349546448087432 0.41641417910447764 0.7349546448087432
10 0.41827985074626867 0.7385976320582878 0.5180932835820895 0.7385976320582878 0.5180932835820895 0.809635883424408 0.41827985074626867 0.809635883424408
11 0.4182798507462686 0.8169218579234973 0.5712649253731342 0.8169218579234973 0.5712649253731342 0.9134610200364298 0.4182798507462686 0.9134610200364298
12 0.6309664179104477 0.4671950819672131 0.7755559701492537 0.4671950819672131 0.7755559701492537 0.5345903460837886 0.6309664179104477 0.5345903460837886
13 0.6318992537313433 0.5436978142076503 0.8818992537313433 0.5436978142076503 0.8818992537313433 0.6147360655737705 0.6318992537313433 0.6147360655737705
14 0.6309664179104477 0.6311295081967213 0.7718246268656715 0.6311295081967213 0.7718246268656715 0.7076322404371584 0.6309664179104477 0.7076322404371584
5 0.46212313432835816 0.38158488160291437 0.683205223880597 0.38158488160291437 0.683205223880597 0.8333153005464481 0.46212313432835816 0.8333153005464481
15 0.6309664179104477 0.7149182149362477 0.808205223880597 0.7149182149362477 0.808205223880597 0.8806741347905283 0.6309664179104477 0.8806741347905283
16 0.8259291044776119 0.751348087431694 0.8828320895522388 0.751348087431694 0.8828320895522388 0.873388160291439 0.8259291044776119 0.873388160291439
17 0.18880223880597016 0.39251384335154826 0.41081716417910447 0.39251384335154826 0.41081716417910447 0.9061750455373406 0.18880223880597016 0.9061750455373406
