0 0.8106920628358826 0.0677392156862745 0.9557933443571723 0.0677392156862745 0.9557933443571723 0.22329477124183003 0.8106920628358826 0.22329477124183003
1 0.3683605208763952 0.06447124183006535 0.742895452666391 0.06447124183006535 0.742895452666391 0.19976535947712415 0.3683605208763952 0.19976535947712415
2 0.13313935510541544 0.05597450980392158 0.28898887970235637 0.05597450980392158 0.28898887970235637 0.32721633986928106 0.13313935510541544 0.32721633986928106
3 0.35885245969408847 0.23832745098039215 0.4564134353038446 0.23832745098039215 0.4564134353038446 0.3259091503267974 0.35885245969408847 0.3259091503267974
4 0.35595870194295165 0.3324450980392156 0.5213162877221993 0.3324450980392156 0.5213162877221993 0.40630130718954244 0.35595870194295165 0.40630130718954244
6 0.35595870194295165 0.4147980392156862 0.4183811905746176 0.4147980392156862 0.4183811905746176 0.48473267973856204 0.35595870194295165 0.48473267973856204
7 0.35389173212071107 0.5049941176470588 0.5423993799090533 0.5049941176470588 0.5423993799090533 0.5821183006535947 0.35389173212071107 0.5821183006535947
8 0.35595870194295165 0.5919222222222221 0.5465333195535346 0.5919222222222221 0.5465333195535346 0.6742751633986929 0.35595870194295165 0.6742751633986929
5 0.6664175174752752 0.8520530146471178 0.3981248345484621 0.8520528677057949 0.39812493808487354 0.37950384809798 0.6664176210116868 0.3795039950393029
9 0.35265155022736666 0.6795039215686275 0.4956858619264159 0.6795039215686275 0.4956858619264159 0.7664320261437908 0.35265155022736666 0.7664320261437908
10 0.3514113683340223 0.7716607843137255 0.47542955766845807 0.7716607843137255 0.47542955766845807 0.8500921568627451 0.3514113683340223 0.8500921568627451
11 0.34934439851178173 0.8723143790849673 0.5436395618023977 0.8723143790849673 0.5436395618023977 0.9494385620915032 0.34934439851178173 0.9494385620915032
12 0.6358264158743282 0.5049941176470588 0.8317751550227367 0.5049941176470588 0.8317751550227367 0.5919222222222221 0.6358264158743282 0.5919222222222221
13 0.6358264158743282 0.6023797385620915 0.9591004960727573 0.6023797385620915 0.9591004960727573 0.6762359477124184 0.6358264158743282 0.6762359477124184
14 0.6345862339809839 0.6860398692810458 0.8094518809425383 0.6860398692810458 0.8094518809425383 0.7644712418300653 0.6345862339809839 0.7644712418300653
15 0.6366532038032244 0.7697 0.8499644894584539 0.7697 0.8499644894584539 0.9507457516339869 0.6366532038032244 0.9507457516339869
16 0.8913038859032658 0.8337522875816994 0.9644746176105828 0.8337522875816994 0.9644746176105828 0.9527065359477124 0.8913038859032658 0.9527065359477124
17 0.06120880529144274 0.36577843137254895 0.3369425795783382 0.36577843137254895 0.3369425795783382 0.9304843137254902 0.06120880529144274 0.9304843137254902
