0 0.8133448565776459 0.05595330151153541 0.9542944114737884 0.05595330151153541 0.9542944114737884 0.2182444709626094 0.8133448565776459 0.2182444709626094
1 0.7341302818293323 0.19665421919354698 0.3919798909517863 0.23813300126836437 0.3853732790015281 0.09711920960518017 0.7275236698790741 0.05564042753036276
3 0.382583234421365 0.2564306284805092 0.49484831849653804 0.2564306284805092 0.49484831849653804 0.3256430389817025 0.382583234421365 0.3256430389817025
4 0.3875288328387735 0.34075839299920446 0.5012775964391691 0.34075839299920446 0.5012775964391691 0.4051975338106603 0.3875288328387735 0.4051975338106603
6 0.39099075173095943 0.4234950676213206 0.45281073194856575 0.4234950676213206 0.45281073194856575 0.4950941129673827 0.39099075173095943 0.4950941129673827
7 0.3959363501483679 0.5014584725536994 0.5764506923837784 0.5014584725536994 0.5764506923837784 0.5778307875894988 0.3959363501483679 0.5778307875894988
8 0.3989037091988131 0.5913550517104217 0.568043175074184 0.5913550517104217 0.568043175074184 0.6542031026252983 0.3989037091988131 0.6542031026252983
9 0.40088194856577647 0.6709095465393795 0.5443043026706231 0.6709095465393795 0.5443043026706231 0.741713046937152 0.40088194856577647 0.741713046937152
10 0.4043438674579624 0.7536462211614957 0.5279838278931751 0.7536462211614957 0.5279838278931751 0.8252452665075577 0.4043438674579624 0.8252452665075577
11 0.4092894658753709 0.8347918058870326 0.5888146884272997 0.8347918058870326 0.5888146884272997 0.9207106603023071 0.4092894658753709 0.9207106603023071
5 0.45577809099901084 0.3757623707239459 0.726796884272997 0.3757623707239459 0.726796884272997 0.8467249801113763 0.45577809099901084 0.8467249801113763
12 0.6545911473788328 0.47361443914081147 0.9894081602373886 0.47361443914081147 0.9894081602373886 0.5576512728719173 0.6545911473788328 0.5576512728719173
13 0.6585476261127596 0.5627154335719968 0.9666584075173096 0.5627154335719968 0.9666584075173096 0.6359055688146381 0.6585476261127596 0.6359055688146381
14 0.6595367457962413 0.6462476531424026 0.8266979723046488 0.6462476531424026 0.8266979723046488 0.7273932378679395 0.6595367457962413 0.7273932378679395
15 0.6634932245301681 0.7281887828162291 0.8652736399604352 0.7281887828162291 0.8652736399604352 0.8785467780429594 0.6634932245301681 0.8785467780429594
16 0.898903709198813 0.7504640413683373 0.9597345697329377 0.7504640413683373 0.9597345697329377 0.8976398568019094 0.898903709198813 0.8976398568019094
2 0.163987784371909 0.09254836913285602 0.3301598911968348 0.09254836913285602 0.3301598911968348 0.3940599045346062 0.163987784371909 0.3940599045346062
17 0.13035771513353114 0.4354282418456643 0.382583234421365 0.4354282418456643 0.382583234421365 0.894457677008751 0.13035771513353114 0.894457677008751
