0 0.8397250345781467 0.033870974808324204 0.9925604426002768 0.033870974808324204 0.9925604426002768 0.18830690032858705 0.8397250345781467 0.18830690032858705
1 0.3556309820193638 0.040442716319824754 0.7505134163208853 0.040442716319824754 0.7505134163208853 0.19597393209200437 0.3556309820193638 0.19597393209200437
2 0.1004442600276625 0.0656343921139102 0.26849405255878284 0.0656343921139102 0.26849405255878284 0.347123986856517 0.1004442600276625 0.347123986856517
3 0.3417997233748271 0.2343090909090909 0.4987845089903181 0.2343090909090909 0.4987845089903181 0.31426527929901427 0.3417997233748271 0.31426527929901427
4 0.3438744121715076 0.3274087623220153 0.5921455048409405 0.3274087623220153 0.5921455048409405 0.4117461117196057 0.3438744121715076 0.4117461117196057
6 0.33834190871369296 0.42379430449069 0.4047319502074689 0.42379430449069 0.4047319502074689 0.5004646221248631 0.33834190871369296 0.5004646221248631
7 0.3397250345781466 0.5103222343921139 0.5395867219917012 0.5103222343921139 0.5395867219917012 0.5913737130339539 0.3397250345781466 0.5913737130339539
8 0.33765034578146613 0.5979454545454546 0.6246489626556017 0.5979454545454546 0.6246489626556017 0.6789969331872947 0.33765034578146613 0.6789969331872947
9 0.3341925311203319 0.6943309967141292 0.4835701244813278 0.6943309967141292 0.4835701244813278 0.7688107338444689 0.3341925311203319 0.7688107338444689
10 0.3314262793914246 0.7808589266155531 0.4614401106500692 0.7808589266155531 0.4614401106500692 0.8531480832420592 0.3314262793914246 0.8531480832420592
11 0.3293515905947441 0.8772444687842278 0.5354373443983402 0.8772444687842278 0.5354373443983402 0.962677108433735 0.3293515905947441 0.962677108433735
12 0.6370970954356847 0.5004646221248631 0.8376503457814662 0.5004646221248631 0.8376503457814662 0.5848019715224534 0.6370970954356847 0.5848019715224534
13 0.6308730290456432 0.5924690032858708 0.9759629322268327 0.5924690032858708 0.9759629322268327 0.6746157721796276 0.6308730290456432 0.6746157721796276
14 0.6329477178423237 0.6855686746987952 0.8099878284923929 0.6855686746987952 0.8099878284923929 0.763334282584885 0.6329477178423237 0.763334282584885
17 0.010541078838174277 0.37669682365826945 0.32105283540802215 0.37669682365826945 0.32105283540802215 0.9528194961664841 0.010541078838174277 0.9528194961664841
15 0.6239573997233749 0.7710013143483023 0.8701538035961274 0.7710013143483023 0.8701538035961274 0.9593912376779847 0.6239573997233749 0.9593912376779847
16 0.8867513139695713 0.8235752464403067 0.9600569847856156 0.8235752464403067 0.9600569847856156 0.9418665936473166 0.8867513139695713 0.9418665936473166
